
 Aloof-EELS Loss Probability

 Crystal Surface : ab-plane

 Beam Direction  : a-axis

 Electron Beam Energy (keV)            :    60.000000

 Aloof Impact Parameter (nanometre)    :    26.500000

 Intrinsic Broadening (meV)            :     0.150000

 Aloof Loss Spectrum Broadening (meV)  :     0.250000

 All energies in meV


    Energy                 P_loss

    0.000000         0.917097274209E-05
    0.500000         0.109032249396E-04
    1.000000         0.126114064127E-04
    1.500000         0.142756792534E-04
    2.000000         0.158957936354E-04
    2.500000         0.174741764474E-04
    3.000000         0.190138109833E-04
    3.500000         0.205177275190E-04
    4.000000         0.219888436929E-04
    4.500000         0.234299106401E-04
    5.000000         0.248434978612E-04
    5.500000         0.262319939659E-04
    6.000000         0.275976142835E-04
    6.500000         0.289424113584E-04
    7.000000         0.302682864965E-04
    7.500000         0.315770014336E-04
    8.000000         0.328701896671E-04
    8.500000         0.341493672271E-04
    9.000000         0.354159427833E-04
    9.500000         0.366712270535E-04
   10.000000         0.379164415165E-04
   10.500000         0.391527264528E-04
   11.000000         0.403811483478E-04
   11.500000         0.416027066959E-04
   12.000000         0.428183402483E-04
   12.500000         0.440289327457E-04
   13.000000         0.452353181754E-04
   13.500000         0.464382855921E-04
   14.000000         0.476385835391E-04
   14.500000         0.488369241018E-04
   15.000000         0.500339866287E-04
   15.500000         0.512304211452E-04
   16.000000         0.524268514903E-04
   16.500000         0.536238782002E-04
   17.000000         0.548220811611E-04
   17.500000         0.560220220539E-04
   18.000000         0.572242466083E-04
   18.500000         0.584292866865E-04
   19.000000         0.596376622105E-04
   19.500000         0.608498829499E-04
   20.000000         0.620664501832E-04
   20.500000         0.632878582449E-04
   21.000000         0.645145959715E-04
   21.500000         0.657471480554E-04
   22.000000         0.669859963175E-04
   22.500000         0.682316209080E-04
   23.000000         0.694845014424E-04
   23.500000         0.707451180820E-04
   24.000000         0.720139525649E-04
   24.500000         0.732914891946E-04
   25.000000         0.745782157928E-04
   25.500000         0.758746246210E-04
   26.000000         0.771812132774E-04
   26.500000         0.784984855740E-04
   27.000000         0.798269523975E-04
   27.500000         0.811671325604E-04
   28.000000         0.825195536444E-04
   28.500000         0.838847528423E-04
   29.000000         0.852632778009E-04
   29.500000         0.866556874686E-04
   30.000000         0.880625529524E-04
   30.500000         0.894844583871E-04
   31.000000         0.909220018204E-04
   31.500000         0.923757961172E-04
   32.000000         0.938464698870E-04
   32.500000         0.953346684374E-04
   33.000000         0.968410547572E-04
   33.500000         0.983663105336E-04
   34.000000         0.999111372053E-04
   34.500000         0.101476257057E-03
   35.000000         0.103062414359E-03
   35.500000         0.104670376554E-03
   36.000000         0.106300935494E-03
   36.500000         0.107954908745E-03
   37.000000         0.109633140937E-03
   37.500000         0.111336505193E-03
   38.000000         0.113065904624E-03
   38.500000         0.114822273903E-03
   39.000000         0.116606580917E-03
   39.500000         0.118419828512E-03
   40.000000         0.120263056330E-03
   40.500000         0.122137342750E-03
   41.000000         0.124043806936E-03
   41.500000         0.125983610999E-03
   42.000000         0.127957962292E-03
   42.500000         0.129968115831E-03
   43.000000         0.132015376866E-03
   43.500000         0.134101103601E-03
   44.000000         0.136226710087E-03
   44.500000         0.138393669285E-03
   45.000000         0.140603516325E-03
   45.500000         0.142857851971E-03
   46.000000         0.145158346301E-03
   46.500000         0.147506742636E-03
   47.000000         0.149904861707E-03
   47.500000         0.152354606118E-03
   48.000000         0.154857965090E-03
   48.500000         0.157417019529E-03
   49.000000         0.160033947446E-03
   49.500000         0.162711029739E-03
   50.000000         0.165450656388E-03
   50.500000         0.168255333075E-03
   51.000000         0.171127688288E-03
   51.500000         0.174070480924E-03
   52.000000         0.177086608450E-03
   52.500000         0.180179115667E-03
   53.000000         0.183351204121E-03
   53.500000         0.186606242223E-03
   54.000000         0.189947776144E-03
   54.500000         0.193379541537E-03
   55.000000         0.196905476188E-03
   55.500000         0.200529733647E-03
   56.000000         0.204256697959E-03
   56.500000         0.208090999571E-03
   57.000000         0.212037532555E-03
   57.500000         0.216101473234E-03
   58.000000         0.220288300383E-03
   58.500000         0.224603817132E-03
   59.000000         0.229054174758E-03
   59.500000         0.233645898533E-03
   60.000000         0.238385915856E-03
   60.500000         0.243281586897E-03
   61.000000         0.248340738001E-03
   61.500000         0.253571698162E-03
   62.000000         0.258983338882E-03
   62.500000         0.264585117783E-03
   63.000000         0.270387126384E-03
   63.500000         0.276400142506E-03
   64.000000         0.282635687833E-03
   64.500000         0.289106091199E-03
   65.000000         0.295824558300E-03
   65.500000         0.302805248552E-03
   66.000000         0.310063359979E-03
   66.500000         0.317615223092E-03
   67.000000         0.325478404876E-03
   67.500000         0.333671824153E-03
   68.000000         0.342215879780E-03
   68.500000         0.351132593333E-03
   69.000000         0.360445768205E-03
   69.500000         0.370181167321E-03
   70.000000         0.380366712006E-03
   70.500000         0.391032704961E-03
   71.000000         0.402212080766E-03
   71.500000         0.413940687875E-03
   72.000000         0.426257606762E-03
   72.500000         0.439205509622E-03
   73.000000         0.452831068007E-03
   73.500000         0.467185415894E-03
   74.000000         0.482324677011E-03
   74.500000         0.498310566923E-03
   75.000000         0.515211082311E-03
   75.500000         0.533101292312E-03
   76.000000         0.552064249705E-03
   76.500000         0.572192043320E-03
   77.000000         0.593587017491E-03
   77.500000         0.616363189830E-03
   78.000000         0.640647905443E-03
   78.500000         0.666583774201E-03
   79.000000         0.694330948416E-03
   79.500000         0.724069811824E-03
   80.000000         0.756004167993E-03
   80.500000         0.790365038428E-03
   81.000000         0.827415209069E-03
   81.500000         0.867454700977E-03
   82.000000         0.910827389453E-03
   82.500000         0.957929059936E-03
   83.000000         0.100921727433E-02
   83.500000         0.106522353634E-02
   84.000000         0.112656840033E-02
   84.500000         0.119398038299E-02
   85.000000         0.126831983531E-02
   85.500000         0.135060935297E-02
   86.000000         0.144207290430E-02
   86.500000         0.154418672697E-02
   87.000000         0.165874633223E-02
   87.500000         0.178795589140E-02
   88.000000         0.193454925114E-02
   88.500000         0.210195649199E-02
   89.000000         0.229453746712E-02
   89.500000         0.251791623715E-02
   90.000000         0.277947171225E-02
   90.500000         0.308907790551E-02
   91.000000         0.346025806157E-02
   91.500000         0.391205568111E-02
   92.000000         0.447221430647E-02
   92.500000         0.518290545219E-02
   93.000000         0.611183527916E-02
   93.500000         0.737595746202E-02
   94.000000         0.919922060471E-02
   94.500000         0.120829609001E-01
   95.000000         0.174923820631E-01
   95.500000         0.329601004389E-01
   96.000000         0.118602405911E+00
   96.500000         0.202763350530E+00
   97.000000         0.269190905589E+00
   97.500000         0.328876526889E+00
   98.000000         0.386023849833E+00
   98.500000         0.442943544355E+00
   99.000000         0.501290647516E+00
   99.500000         0.562506270623E+00
  100.000000         0.628014248675E+00
  100.500000         0.699277905381E+00
  101.000000         0.777604366215E+00
  101.500000         0.863074758919E+00
  102.000000         0.949695255447E+00
  102.500000         0.100000000000E+01
  103.000000         0.765159213424E+00
  103.500000         0.140302151667E+00
  104.000000         0.562172304061E-01
  104.500000         0.323025659056E-01
  105.000000         0.215853872548E-01
  105.500000         0.156805173362E-01
  106.000000         0.120177920946E-01
  106.500000         0.956323419067E-02
  107.000000         0.782595736588E-02
  107.500000         0.654518704485E-02
  108.000000         0.557060104237E-02
  108.500000         0.480998377078E-02
  109.000000         0.420391989013E-02
  109.500000         0.371257515525E-02
  110.000000         0.330835026617E-02
  110.500000         0.297158614494E-02
  111.000000         0.268794455073E-02
  111.500000         0.244675206127E-02
  112.000000         0.223992027114E-02
  112.500000         0.206122254950E-02
  113.000000         0.190579806560E-02
  113.500000         0.176980449650E-02
  114.000000         0.165017027930E-02
  114.500000         0.154441490007E-02
  115.000000         0.145051655574E-02
  115.500000         0.136681335919E-02
  116.000000         0.129192866040E-02
  116.500000         0.122471394877E-02
  117.000000         0.116420473722E-02
  117.500000         0.110958614516E-02
  118.000000         0.106016580653E-02
  118.500000         0.101535236602E-02
  119.000000         0.974638278288E-03
  119.500000         0.937585949611E-03
  120.000000         0.903816496842E-03
  120.500000         0.873000571655E-03
  121.000000         0.844850826045E-03
  121.500000         0.819115690942E-03
  122.000000         0.795574212036E-03
  122.500000         0.774031741919E-03
  123.000000         0.754316329710E-03
  123.500000         0.736275681869E-03
  124.000000         0.719774593153E-03
  124.500000         0.704692766419E-03
  125.000000         0.690922955526E-03
  125.500000         0.678369377889E-03
  126.000000         0.666946353044E-03
  126.500000         0.656577131397E-03
  127.000000         0.647192883661E-03
  127.500000         0.638731826556E-03
  128.000000         0.631138464487E-03
  128.500000         0.624362930301E-03
  129.000000         0.618360410968E-03
  129.500000         0.613090646319E-03
  130.000000         0.608517490832E-03
  130.500000         0.604608530039E-03
  131.000000         0.601334744394E-03
  131.500000         0.598670214544E-03
  132.000000         0.596591862839E-03
  132.500000         0.595079226699E-03
  133.000000         0.594114260068E-03
  133.500000         0.593681159781E-03
  134.000000         0.593766214090E-03
  134.500000         0.594357671023E-03
  135.000000         0.595445624594E-03
  135.500000         0.597021917155E-03
  136.000000         0.599080056480E-03
  136.500000         0.601615146359E-03
  137.000000         0.604623829710E-03
  137.500000         0.608104243381E-03
  138.000000         0.612055983989E-03
  138.500000         0.616480084270E-03
  139.000000         0.621378999588E-03
  139.500000         0.626756604346E-03
  140.000000         0.632618198181E-03
  140.500000         0.638970521964E-03
  141.000000         0.645821783723E-03
  141.500000         0.653181694741E-03
  142.000000         0.661061516235E-03
  142.500000         0.669474117114E-03
  143.000000         0.678434043507E-03
  143.500000         0.687957600902E-03
  144.000000         0.698062949891E-03
  144.500000         0.708770216764E-03
  145.000000         0.720101620402E-03
  145.500000         0.732081617162E-03
  146.000000         0.744737065803E-03
  146.500000         0.758097414797E-03
  147.000000         0.772194914836E-03
  147.500000         0.787064859775E-03
  148.000000         0.802745859880E-03
  148.500000         0.819280151891E-03
  149.000000         0.836713951242E-03
  149.500000         0.855097852739E-03
  150.000000         0.874487287205E-03
  150.500000         0.894943042984E-03
  151.000000         0.916531862951E-03
  151.500000         0.939327129798E-03
  152.000000         0.963409654962E-03
  152.500000         0.988868589777E-03
  153.000000         0.101580248146E-02
  153.500000         0.104432050152E-02
  154.000000         0.107454388052E-02
  154.500000         0.110660759108E-02
  155.000000         0.114066233119E-02
  155.500000         0.117687687300E-02
  156.000000         0.121544085927E-02
  156.500000         0.125656815165E-02
  157.000000         0.130050086418E-02
  157.500000         0.134751425420E-02
  158.000000         0.139792269483E-02
  158.500000         0.145208702377E-02
  159.000000         0.151042366024E-02
  159.500000         0.157341601681E-02
  160.000000         0.164162892282E-02
  160.500000         0.171572704819E-02
  161.000000         0.179649871159E-02
  161.500000         0.188488704163E-02
  162.000000         0.198203134130E-02
  162.500000         0.208932286410E-02
  163.000000         0.220848135246E-02
  163.500000         0.234166215845E-02
  164.000000         0.249160955561E-02
  164.500000         0.266188184101E-02
  165.000000         0.285719174703E-02
  165.500000         0.308393929652E-02
  166.000000         0.335108067759E-02
  166.500000         0.367161648165E-02
  167.000000         0.406529969440E-02
  167.500000         0.456395353023E-02
  168.000000         0.522300613371E-02
  168.500000         0.615014986603E-02
  169.000000         0.759219756419E-02
  169.500000         0.102994574043E-01
  170.000000         0.184637502064E-01
  170.500000         0.613517952877E-01
  171.000000         0.985132185897E-01
  171.500000         0.126186449445E+00
  172.000000         0.149296769765E+00
  172.500000         0.169663432547E+00
  173.000000         0.188171242630E+00
  173.500000         0.205326611631E+00
  174.000000         0.221450927969E+00
  174.500000         0.236763264283E+00
  175.000000         0.251421010941E+00
  175.500000         0.265541916984E+00
  176.000000         0.279216969351E+00
  176.500000         0.292518368331E+00
  177.000000         0.305504701954E+00
  177.500000         0.318224434070E+00
  178.000000         0.330718332198E+00
  178.500000         0.343021203996E+00
  179.000000         0.355163168626E+00
  179.500000         0.367170606681E+00
  180.000000         0.379066882646E+00
  180.500000         0.390872902997E+00
  181.000000         0.402607553230E+00
  181.500000         0.414288044183E+00
  182.000000         0.425930189255E+00
  182.500000         0.437548628139E+00
  183.000000         0.449157008497E+00
  183.500000         0.460768133987E+00
  184.000000         0.472394084868E+00
  184.500000         0.484046315776E+00
  185.000000         0.495735733988E+00
  185.500000         0.507472760517E+00
  186.000000         0.519267375551E+00
  186.500000         0.531129149028E+00
  187.000000         0.543067256499E+00
  187.500000         0.555090479762E+00
  188.000000         0.567207191101E+00
  188.500000         0.579425319185E+00
  189.000000         0.591752293842E+00
  189.500000         0.604194965835E+00
  190.000000         0.616759496501E+00
  190.500000         0.629451210423E+00
  191.000000         0.642274402204E+00
  191.500000         0.655232085610E+00
  192.000000         0.668325669705E+00
  192.500000         0.681554541694E+00
  193.000000         0.694915529646E+00
  193.500000         0.708402209320E+00
  194.000000         0.722004007100E+00
  194.500000         0.735705034066E+00
  195.000000         0.749482562484E+00
  195.500000         0.763305022305E+00
  196.000000         0.777129346868E+00
  196.500000         0.790897426627E+00
  197.000000         0.804531325513E+00
  197.500000         0.817926758042E+00
  198.000000         0.830944085325E+00
  198.500000         0.843395712802E+00
  199.000000         0.855028171072E+00
  199.500000         0.865496171023E+00
  200.000000         0.874324242560E+00
  200.500000         0.880848602847E+00
  201.000000         0.884126446703E+00
  201.500000         0.882789274078E+00
  202.000000         0.874794969323E+00
  202.500000         0.856984082849E+00
  203.000000         0.824222179683E+00
  203.500000         0.767550212785E+00
  204.000000         0.669467254200E+00
  204.500000         0.488161088018E+00
  205.000000         0.147178131031E+00
  205.500000         0.533664190214E-01
  206.000000         0.323412100559E-01
  206.500000         0.230247646009E-01
  207.000000         0.177320570769E-01
  207.500000         0.143141223591E-01
  208.000000         0.119258083969E-01
  208.500000         0.101649467796E-01
  209.000000         0.881505110098E-02
  209.500000         0.774901007814E-02
  210.000000         0.688719674397E-02
  210.500000         0.617715988901E-02
  211.000000         0.558293298035E-02
  211.500000         0.507902852737E-02
  212.000000         0.464688232818E-02
  212.500000         0.427265458479E-02
  213.000000         0.394581935712E-02
  213.500000         0.365823094963E-02
  214.000000         0.340348901625E-02
  214.500000         0.317649647456E-02
  215.000000         0.297314519218E-02
  215.500000         0.279008834005E-02
  216.000000         0.262457276227E-02
  216.500000         0.247431368634E-02
  217.000000         0.233739980782E-02
  217.500000         0.221222049858E-02
  218.000000         0.209740935303E-02
  218.500000         0.199179995336E-02
  219.000000         0.189439087983E-02
  219.500000         0.180431779117E-02
  220.000000         0.172083096557E-02
  220.500000         0.164327709800E-02
  221.000000         0.157108444347E-02
  221.500000         0.150375061181E-02
  222.000000         0.144083247903E-02
  222.500000         0.138193780027E-02
  223.000000         0.132671819966E-02
  223.500000         0.127486328102E-02
  224.000000         0.122609565664E-02
  224.500000         0.118016673173E-02
  225.000000         0.113685311449E-02
  225.500000         0.109595354639E-02
  226.000000         0.105728626712E-02
  226.500000         0.102068674447E-02
  227.000000         0.986005711558E-03
  227.500000         0.953107464373E-03
  228.000000         0.921868380179E-03
  228.500000         0.892175624392E-03
  229.000000         0.863926018582E-03
  229.500000         0.837025046796E-03
  230.000000         0.811385980990E-03
  230.500000         0.786929109299E-03
  231.000000         0.763581053419E-03
  231.500000         0.741274163366E-03
  232.000000         0.719945979633E-03
  232.500000         0.699538754210E-03
  233.000000         0.679999023117E-03
  233.500000         0.661277224155E-03
  234.000000         0.643327354413E-03
  234.500000         0.626106662828E-03
  235.000000         0.609575373711E-03
  235.500000         0.593696437683E-03
  236.000000         0.578435306919E-03
  236.500000         0.563759732007E-03
  237.000000         0.549639578046E-03
  237.500000         0.536046657898E-03
  238.000000         0.522954580791E-03
  238.500000         0.510338614634E-03
  239.000000         0.498175560655E-03
  239.500000         0.486443639083E-03
  240.000000         0.475122384777E-03
  240.500000         0.464192551808E-03
  241.000000         0.453636026120E-03
  241.500000         0.443435745497E-03
  242.000000         0.433575626122E-03
  242.500000         0.424040495125E-03
  243.000000         0.414816028555E-03
  243.500000         0.405888694280E-03
  244.000000         0.397245699366E-03
  244.500000         0.388874941540E-03
  245.000000         0.380764964365E-03
  245.500000         0.372904915817E-03
  246.000000         0.365284509954E-03
  246.500000         0.357893991429E-03
  247.000000         0.350724102592E-03
  247.500000         0.343766052975E-03
  248.000000         0.337011490960E-03
  248.500000         0.330452477451E-03
  249.000000         0.324081461386E-03
  249.500000         0.317891256951E-03
  250.000000         0.311875022353E-03
  250.500000         0.306026240024E-03
  251.000000         0.300338698169E-03
  251.500000         0.294806473527E-03
  252.000000         0.289423915270E-03
  252.500000         0.284185629951E-03
  253.000000         0.279086467419E-03
  253.500000         0.274121507640E-03
  254.000000         0.269286048342E-03
  254.500000         0.264575593438E-03
  255.000000         0.259985842171E-03
  255.500000         0.255512678915E-03
  256.000000         0.251152163610E-03
  256.500000         0.246900522764E-03
  257.000000         0.242754140993E-03
  257.500000         0.238709553071E-03
  258.000000         0.234763436436E-03
  258.500000         0.230912604137E-03
  259.000000         0.227153998188E-03
  259.500000         0.223484683300E-03
  260.000000         0.219901840966E-03
  260.500000         0.216402763887E-03
  261.000000         0.212984850700E-03
  261.500000         0.209645600995E-03
  262.000000         0.206382610618E-03
  262.500000         0.203193567215E-03
  263.000000         0.200076246024E-03
  263.500000         0.197028505887E-03
  264.000000         0.194048285482E-03
  264.500000         0.191133599739E-03
  265.000000         0.188282536457E-03
  265.500000         0.185493253088E-03
  266.000000         0.182763973687E-03
  266.500000         0.180092986019E-03
  267.000000         0.177478638812E-03
  267.500000         0.174919339144E-03
  268.000000         0.172413549966E-03
  268.500000         0.169959787742E-03
  269.000000         0.167556620207E-03
  269.500000         0.165202664232E-03
  270.000000         0.162896583793E-03
  270.500000         0.160637088037E-03
  271.000000         0.158422929438E-03
  271.500000         0.156252902042E-03
  272.000000         0.154125839789E-03
  272.500000         0.152040614918E-03
  273.000000         0.149996136441E-03
  273.500000         0.147991348684E-03
  274.000000         0.146025229898E-03
  274.500000         0.144096790927E-03
  275.000000         0.142205073937E-03
  275.500000         0.140349151194E-03
  276.000000         0.138528123899E-03
  276.500000         0.136741121067E-03
  277.000000         0.134987298454E-03
  277.500000         0.133265837520E-03
  278.000000         0.131575944440E-03
  278.500000         0.129916849141E-03
  279.000000         0.128287804376E-03
  279.500000         0.126688084829E-03
  280.000000         0.125116986243E-03
  280.500000         0.123573824566E-03
  281.000000         0.122057935125E-03
  281.500000         0.120568671799E-03
  282.000000         0.119105406211E-03
  282.500000         0.117667526908E-03
  283.000000         0.116254438540E-03
  283.500000         0.114865561018E-03
  284.000000         0.113500328631E-03
  284.500000         0.112158189123E-03
  285.000000         0.110838602688E-03
  285.500000         0.109541040858E-03
  286.000000         0.108264985248E-03
  286.500000         0.107009926090E-03
  287.000000         0.105775360477E-03
  287.500000         0.104560790202E-03
  288.000000         0.103365719015E-03
  288.500000         0.102189649049E-03
  289.000000         0.101032076026E-03
  289.500000         0.998924826477E-04
  290.000000         0.987703292127E-04
  290.500000         0.976650399130E-04
  291.000000         0.965759821508E-04
  291.500000         0.955024342293E-04
  292.000000         0.944435328547E-04
  292.500000         0.933981838683E-04
  293.000000         0.923649020640E-04
  293.500000         0.913415043207E-04
  294.000000         0.903244715606E-04
  294.500000         0.893074735352E-04
  295.000000         0.882774288983E-04
  295.500000         0.872015302515E-04
  296.000000         0.859672150251E-04
  296.500000         0.838264545599E-04
